1
1
10
0
(1 0
((0,0) (127,127) (0,0))
)
1
FabOnDisk: Cell_D_00000 0

1,10
1.00000000000000000e+00,0.00000000000000000e+00,0.00000000000000000e+00,0.00000000000000000e+00,3.74150763746927414e+10,3.74150763746927414e+10,2.83456848199695991e-05,-4.29620113365668047e+05,-4.26065123037735291e+05,0.00000000000000000e+00,

1,10
1.00000000000000000e+00,0.00000000000000000e+00,0.00000000000000000e+00,0.00000000000000000e+00,3.74150763746927414e+10,3.74150763746927414e+10,9.33260333616529880e-03,1.97398039632647574e+08,1.97420486088430464e+08,0.00000000000000000e+00,

