1
1
9
0
(4 0
((0,0,0) (27,3,3) (0,0,0))
((28,0,0) (51,3,3) (0,0,0))
((52,0,0) (75,3,3) (0,0,0))
((76,0,0) (99,3,3) (0,0,0))
)
4
FabOnDisk: Cell_D_00000 0
FabOnDisk: Cell_D_00000 32343
FabOnDisk: Cell_D_00000 60079
FabOnDisk: Cell_D_00000 87815

4,9
1.00000005650935719e+00,-9.99485041885943069e-07,0.00000000000000000e+00,0.00000000000000000e+00,9.00000084764037811e-01,9.00000084764036257e-01,-9.99437323062443360e-07,0.00000000000000000e+00,0.00000000000000000e+00,
9.99999880922311957e-01,-9.69962179814682590e-07,0.00000000000000000e+00,0.00000000000000000e+00,8.99999821383473231e-01,8.99999821383466125e-01,-9.70418123534899451e-07,0.00000000000000000e+00,0.00000000000000000e+00,
9.99999000636302982e-01,1.81176068947491229e-07,0.00000000000000000e+00,0.00000000000000000e+00,8.99998500954454661e-01,8.99998500953955172e-01,1.78028286282766057e-07,0.00000000000000000e+00,0.00000000000000000e+00,
9.99999007389231642e-01,6.28199184175367218e-09,0.00000000000000000e+00,0.00000000000000000e+00,8.99998511083841657e-01,8.99998511083349162e-01,9.41995764780504138e-09,0.00000000000000000e+00,0.00000000000000000e+00,

4,9
1.00000099936369691e+00,-5.65093585469117850e-08,0.00000000000000000e+00,0.00000000000000000e+00,9.00001499045545605e-01,9.00001499045046116e-01,-5.33556555927295266e-08,0.00000000000000000e+00,0.00000000000000000e+00,
1.00000096996180510e+00,1.19077684476400057e-07,0.00000000000000000e+00,0.00000000000000000e+00,9.00001454942696122e-01,9.00001454942225720e-01,1.15920712088844529e-07,0.00000000000000000e+00,0.00000000000000000e+00,
9.99999818823925413e-01,9.99485042285615565e-07,0.00000000000000000e+00,0.00000000000000000e+00,8.99999728235896468e-01,8.99999728235880037e-01,9.99439320721507776e-07,0.00000000000000000e+00,0.00000000000000000e+00,
9.99999993718008628e-01,9.92472629650402243e-07,0.00000000000000000e+00,0.00000000000000000e+00,8.99999990577011966e-01,8.99999990577011966e-01,9.92834733322014127e-07,0.00000000000000000e+00,0.00000000000000000e+00,

