1
1
10
0
(12 0
((0,0) (39,71) (0,0))
((40,0) (95,103) (0,0))
((96,64) (119,103) (0,0))
((120,80) (127,87) (0,0))
((120,88) (151,103) (0,0))
((72,104) (151,159) (0,0))
((152,120) (167,143) (0,0))
((168,128) (175,143) (0,0))
((176,136) (191,143) (0,0))
((128,160) (151,199) (0,0))
((152,144) (207,247) (0,0))
((208,168) (255,255) (0,0))
)
12
FabOnDisk: Cell_D_00000 0
FabOnDisk: Cell_D_00000 230483
FabOnDisk: Cell_D_00000 696488
FabOnDisk: Cell_D_00000 773375
FabOnDisk: Cell_D_00000 778582
FabOnDisk: Cell_D_00000 819630
FabOnDisk: Cell_D_00000 1178118
FabOnDisk: Cell_D_00000 1208927
FabOnDisk: Cell_D_00000 1219256
FabOnDisk: Cell_D_00000 1229585
FabOnDisk: Cell_D_00000 1306474
FabOnDisk: Cell_D_00000 1772483

12,10
1.00000000000000000e+00,0.00000000000000000e+00,0.00000000000000000e+00,0.00000000000000000e+00,3.74150763746927414e+10,3.74150763746927414e+10,4.20120809018788210e-05,-4.58077195363676641e+05,-4.59908513015863369e+05,0.00000000000000000e+00,
1.00000000000000000e+00,0.00000000000000000e+00,0.00000000000000000e+00,0.00000000000000000e+00,3.74150763746927414e+10,3.74150763746927414e+10,4.86342083728978774e-05,-2.77262436109147500e+05,-1.99459911964570259e+05,0.00000000000000000e+00,
1.00000000000000000e+00,0.00000000000000000e+00,0.00000000000000000e+00,0.00000000000000000e+00,3.74150763746927414e+10,3.74150763746927414e+10,4.78282392992315975e-05,-1.26500074853022001e+05,2.39734524469063508e+04,0.00000000000000000e+00,
1.00000000000000000e+00,0.00000000000000000e+00,0.00000000000000000e+00,0.00000000000000000e+00,3.74150763746927414e+10,3.74150763746927414e+10,4.73531296140510040e-05,-7.02384196430606535e+04,4.65783667006997057e+04,0.00000000000000000e+00,
1.00000000000000000e+00,0.00000000000000000e+00,0.00000000000000000e+00,0.00000000000000000e+00,3.74150763746927414e+10,3.74150763746927414e+10,4.56370317279826242e-05,-9.55366717189158953e+04,1.27374163193287859e+04,0.00000000000000000e+00,
1.00000000000000000e+00,0.00000000000000000e+00,0.00000000000000000e+00,0.00000000000000000e+00,3.74150763746927414e+10,3.74150763746927414e+10,4.49003045223554119e-05,-2.55294622534139417e+04,-1.68061660667471413e+05,0.00000000000000000e+00,
1.00000000000000000e+00,0.00000000000000000e+00,0.00000000000000000e+00,0.00000000000000000e+00,3.74150763746927414e+10,3.74150763746927414e+10,4.46695074044209923e-05,1.34520667202256336e+04,6.19677550967330099e+04,0.00000000000000000e+00,
1.00000000000000000e+00,0.00000000000000000e+00,0.00000000000000000e+00,0.00000000000000000e+00,3.74150763746927414e+10,3.74150763746927414e+10,4.45047428348208150e-05,3.88702798590029997e+04,7.69661240794419282e+04,0.00000000000000000e+00,
1.00000000000000000e+00,0.00000000000000000e+00,0.00000000000000000e+00,0.00000000000000000e+00,3.74150763746927414e+10,3.74150763746927414e+10,4.38510697200146643e-05,3.19102828816599904e+04,7.99290807979149104e+04,0.00000000000000000e+00,
1.00000000000000000e+00,0.00000000000000000e+00,0.00000000000000000e+00,0.00000000000000000e+00,3.74150763746927414e+10,3.74150763746927414e+10,4.35328652630315353e-05,5.33174946714953621e+04,-3.38320337547318704e+04,0.00000000000000000e+00,
1.00000000000000000e+00,0.00000000000000000e+00,0.00000000000000000e+00,0.00000000000000000e+00,3.74150763746927414e+10,3.74150763746927414e+10,3.01985056523095757e-05,2.31602644526171134e+04,-1.06033142362410890e+04,0.00000000000000000e+00,
1.00000000000000000e+00,0.00000000000000000e+00,0.00000000000000000e+00,0.00000000000000000e+00,3.74150763746927414e+10,3.74150763746927414e+10,2.85600866632300261e-05,4.10587238630099600e+04,6.76363429515188473e+04,0.00000000000000000e+00,

12,10
1.00000000000000000e+00,0.00000000000000000e+00,0.00000000000000000e+00,0.00000000000000000e+00,3.74150763746927414e+10,3.74150763746927414e+10,7.65411669746935558e-03,1.62633883808960557e+08,1.62242223737862587e+08,0.00000000000000000e+00,
1.00000000000000000e+00,0.00000000000000000e+00,0.00000000000000000e+00,0.00000000000000000e+00,3.74150763746927414e+10,3.74150763746927414e+10,9.43702057881803252e-03,1.99607430628351152e+08,1.99629522211522162e+08,0.00000000000000000e+00,
1.00000000000000000e+00,0.00000000000000000e+00,0.00000000000000000e+00,0.00000000000000000e+00,3.74150763746927414e+10,3.74150763746927414e+10,9.16025776814999998e-03,1.93629728317272425e+08,1.93626186433214545e+08,0.00000000000000000e+00,
1.00000000000000000e+00,0.00000000000000000e+00,0.00000000000000000e+00,0.00000000000000000e+00,3.74150763746927414e+10,3.74150763746927414e+10,4.77945304456480892e-05,3.53697042013541504e+04,1.24846083981415257e+05,0.00000000000000000e+00,
1.00000000000000000e+00,0.00000000000000000e+00,0.00000000000000000e+00,0.00000000000000000e+00,3.74150763746927414e+10,3.74150763746927414e+10,2.33972729429241769e-04,4.52446999321731925e+06,4.61512259667744301e+06,0.00000000000000000e+00,
1.00000000000000000e+00,0.00000000000000000e+00,0.00000000000000000e+00,0.00000000000000000e+00,3.74150763746927414e+10,3.74150763746927414e+10,8.83615886109048905e-03,1.86724837134716392e+08,1.86726820769392371e+08,0.00000000000000000e+00,
1.00000000000000000e+00,0.00000000000000000e+00,0.00000000000000000e+00,0.00000000000000000e+00,3.74150763746927414e+10,3.74150763746927414e+10,3.09603096365167543e-03,6.60072874563324973e+07,6.44409599395558089e+07,0.00000000000000000e+00,
1.00000000000000000e+00,0.00000000000000000e+00,0.00000000000000000e+00,0.00000000000000000e+00,3.74150763746927414e+10,3.74150763746927414e+10,9.19628627567056344e-05,1.53827420286077191e+06,1.45844296047074487e+06,0.00000000000000000e+00,
1.00000000000000000e+00,0.00000000000000000e+00,0.00000000000000000e+00,0.00000000000000000e+00,3.74150763746927414e+10,3.74150763746927414e+10,4.77261460448020352e-05,3.02596693414572044e+05,2.98547034947317035e+05,0.00000000000000000e+00,
1.00000000000000000e+00,0.00000000000000000e+00,0.00000000000000000e+00,0.00000000000000000e+00,3.74150763746927414e+10,3.74150763746927414e+10,3.19109683133911998e-03,6.63260894029535428e+07,6.81728552605636716e+07,0.00000000000000000e+00,
1.00000000000000000e+00,0.00000000000000000e+00,0.00000000000000000e+00,0.00000000000000000e+00,3.74150763746927414e+10,3.74150763746927414e+10,6.36543961176572019e-03,1.34449693214112908e+08,1.34444954955522120e+08,0.00000000000000000e+00,
1.00000000000000000e+00,0.00000000000000000e+00,0.00000000000000000e+00,0.00000000000000000e+00,3.74150763746927414e+10,3.74150763746927414e+10,4.58724097424193736e-03,9.69223751070555747e+07,9.69087184172813147e+07,0.00000000000000000e+00,

