1
1
10
0
(35 0
((8,0) (47,7) (0,0))
((0,8) (87,71) (0,0))
((88,40) (95,47) (0,0))
((88,48) (111,63) (0,0))
((88,64) (135,87) (0,0))
((32,72) (87,103) (0,0))
((88,88) (183,135) (0,0))
((56,104) (87,119) (0,0))
((72,120) (87,135) (0,0))
((88,136) (159,199) (0,0))
((160,136) (223,199) (0,0))
((224,176) (239,191) (0,0))
((224,192) (255,207) (0,0))
((152,200) (223,231) (0,0))
((224,208) (287,239) (0,0))
((184,232) (223,247) (0,0))
((224,240) (295,311) (0,0))
((200,248) (223,255) (0,0))
((296,248) (327,311) (0,0))
((208,256) (223,271) (0,0))
((328,272) (343,287) (0,0))
((328,288) (367,311) (0,0))
((264,312) (359,359) (0,0))
((360,312) (399,343) (0,0))
((360,344) (439,383) (0,0))
((304,360) (359,383) (0,0))
((328,384) (359,399) (0,0))
((360,384) (455,455) (0,0))
((456,392) (463,399) (0,0))
((344,400) (359,415) (0,0))
((456,400) (479,415) (0,0))
((456,416) (503,439) (0,0))
((456,440) (511,487) (0,0))
((392,456) (455,487) (0,0))
((424,488) (487,511) (0,0))
)
35
FabOnDisk: Cell_D_00000 0
FabOnDisk: Cell_D_00000 25682
FabOnDisk: Cell_D_00000 476325
FabOnDisk: Cell_D_00000 481530
FabOnDisk: Cell_D_00000 512336
FabOnDisk: Cell_D_00000 604582
FabOnDisk: Cell_D_00000 748028
FabOnDisk: Cell_D_00000 1116755
FabOnDisk: Cell_D_00000 1157802
FabOnDisk: Cell_D_00000 1178369
FabOnDisk: Cell_D_00000 1547097
FabOnDisk: Cell_D_00000 1874866
FabOnDisk: Cell_D_00000 1895435
FabOnDisk: Cell_D_00000 1936484
FabOnDisk: Cell_D_00000 2120893
FabOnDisk: Cell_D_00000 2284822
FabOnDisk: Cell_D_00000 2336111
FabOnDisk: Cell_D_00000 2750920
FabOnDisk: Cell_D_00000 2766369
FabOnDisk: Cell_D_00000 2930298
FabOnDisk: Cell_D_00000 2950867
FabOnDisk: Cell_D_00000 2971436
FabOnDisk: Cell_D_00000 3048325
FabOnDisk: Cell_D_00000 3417054
FabOnDisk: Cell_D_00000 3519543
FabOnDisk: Cell_D_00000 3775632
FabOnDisk: Cell_D_00000 3883241
FabOnDisk: Cell_D_00000 3924290
FabOnDisk: Cell_D_00000 4477339
FabOnDisk: Cell_D_00000 4482548
FabOnDisk: Cell_D_00000 4503117
FabOnDisk: Cell_D_00000 4533926
FabOnDisk: Cell_D_00000 4626175
FabOnDisk: Cell_D_00000 4841304
FabOnDisk: Cell_D_00000 5005233

35,10
1.00000000000000000e+00,0.00000000000000000e+00,0.00000000000000000e+00,0.00000000000000000e+00,3.74150763746927414e+10,3.74150763746927414e+10,3.05654742671853958e-05,-4.67848738910882443e+05,-3.40289456855192111e+04,0.00000000000000000e+00,
1.00000000000000000e+00,0.00000000000000000e+00,0.00000000000000000e+00,0.00000000000000000e+00,3.74150763746927414e+10,3.74150763746927414e+10,2.94255871447282805e-05,-3.38357118735387630e+05,-4.73902679528153152e+05,0.00000000000000000e+00,
1.00000000000000000e+00,0.00000000000000000e+00,0.00000000000000000e+00,0.00000000000000000e+00,3.74150763746927414e+10,3.74150763746927414e+10,5.00012150395178878e-05,-2.04121988399805181e+05,-1.70429952074462235e+04,0.00000000000000000e+00,
1.00000000000000000e+00,0.00000000000000000e+00,0.00000000000000000e+00,0.00000000000000000e+00,3.74150763746927414e+10,3.74150763746927414e+10,5.00154440074634607e-05,-1.90955188569552178e+05,-5.67355680283868151e+03,0.00000000000000000e+00,
1.00000000000000000e+00,0.00000000000000000e+00,0.00000000000000000e+00,0.00000000000000000e+00,3.74150763746927414e+10,3.74150763746927414e+10,5.01205591839219190e-05,-1.62701430673827679e+05,1.30670053034434804e+04,0.00000000000000000e+00,
1.00000000000000000e+00,0.00000000000000000e+00,0.00000000000000000e+00,0.00000000000000000e+00,3.74150763746927414e+10,3.74150763746927414e+10,4.99189369794494851e-05,-2.68607304417562882e+04,-2.28387608239535242e+05,0.00000000000000000e+00,
1.00000000000000000e+00,0.00000000000000000e+00,0.00000000000000000e+00,0.00000000000000000e+00,3.74150763746927414e+10,3.74150763746927414e+10,4.92586415969150634e-05,-1.57627830135180877e+05,2.48014904342330519e+04,0.00000000000000000e+00,
1.00000000000000000e+00,0.00000000000000000e+00,0.00000000000000000e+00,0.00000000000000000e+00,3.74150763746927414e+10,3.74150763746927414e+10,5.01470373531212601e-05,4.41274919310585301e+03,-1.70446789044790523e+05,0.00000000000000000e+00,
1.00000000000000000e+00,0.00000000000000000e+00,0.00000000000000000e+00,0.00000000000000000e+00,3.74150763746927414e+10,3.74150763746927414e+10,5.00782277262991324e-05,2.63997757029159511e+04,-1.31667813800097123e+05,0.00000000000000000e+00,
1.00000000000000000e+00,0.00000000000000000e+00,0.00000000000000000e+00,0.00000000000000000e+00,3.74150763746927414e+10,3.74150763746927414e+10,4.88470876423047312e-05,1.54239326031014971e+04,-1.77077194116118422e+05,0.00000000000000000e+00,
1.00000000000000000e+00,0.00000000000000000e+00,0.00000000000000000e+00,0.00000000000000000e+00,3.74150763746927414e+10,3.74150763746927414e+10,4.81243793662838182e-05,-7.94967745218665223e+04,5.10055854213481944e+04,0.00000000000000000e+00,
1.00000000000000000e+00,0.00000000000000000e+00,0.00000000000000000e+00,0.00000000000000000e+00,3.74150763746927414e+10,3.74150763746927414e+10,4.78415811024401655e-05,5.54056841460054929e+04,1.41112835806779651e+05,0.00000000000000000e+00,
1.00000000000000000e+00,0.00000000000000000e+00,0.00000000000000000e+00,0.00000000000000000e+00,3.74150763746927414e+10,3.74150763746927414e+10,4.74550743604318327e-05,7.19491756026629446e+04,1.52168546939542168e+05,0.00000000000000000e+00,
1.00000000000000000e+00,0.00000000000000000e+00,0.00000000000000000e+00,0.00000000000000000e+00,3.74150763746927414e+10,3.74150763746927414e+10,4.79149010626571688e-05,7.45561313624695322e+04,-4.11160946238467877e+04,0.00000000000000000e+00,
1.00000000000000000e+00,0.00000000000000000e+00,0.00000000000000000e+00,0.00000000000000000e+00,3.74150763746927414e+10,3.74150763746927414e+10,4.61384213443946883e-05,8.14416769879496496e+03,8.37056126151178178e+04,0.00000000000000000e+00,
1.00000000000000000e+00,0.00000000000000000e+00,0.00000000000000000e+00,0.00000000000000000e+00,3.74150763746927414e+10,3.74150763746927414e+10,4.76923769432274013e-05,1.50671154064388713e+05,6.88251154458274541e+04,0.00000000000000000e+00,
1.00000000000000000e+00,0.00000000000000000e+00,0.00000000000000000e+00,0.00000000000000000e+00,3.74150763746927414e+10,3.74150763746927414e+10,4.52581610806108717e-05,6.72073042660816427e+04,3.58250705262501151e+03,0.00000000000000000e+00,
1.00000000000000000e+00,0.00000000000000000e+00,0.00000000000000000e+00,0.00000000000000000e+00,3.74150763746927414e+10,3.74150763746927414e+10,4.89123164807820602e-05,2.77333754598846135e+05,2.13071172871736402e+05,0.00000000000000000e+00,
1.00000000000000000e+00,0.00000000000000000e+00,0.00000000000000000e+00,0.00000000000000000e+00,3.74150763746927414e+10,3.74150763746927414e+10,4.50246489054352257e-05,6.38562106104230625e+04,1.00767211335640008e+05,0.00000000000000000e+00,
1.00000000000000000e+00,0.00000000000000000e+00,0.00000000000000000e+00,0.00000000000000000e+00,3.74150763746927414e+10,3.74150763746927414e+10,4.72785289253709669e-05,1.74012569894762739e+05,1.11646220503935387e+05,0.00000000000000000e+00,
1.00000000000000000e+00,0.00000000000000000e+00,0.00000000000000000e+00,0.00000000000000000e+00,3.74150763746927414e+10,3.74150763746927414e+10,4.59746956166261401e-05,1.83208725460507296e+05,1.92849948713977501e+05,0.00000000000000000e+00,
1.00000000000000000e+00,0.00000000000000000e+00,0.00000000000000000e+00,0.00000000000000000e+00,3.74150763746927414e+10,3.74150763746927414e+10,4.48575735109667793e-05,1.54083776107894984e+05,1.69728599945225666e+05,0.00000000000000000e+00,
1.00000000000000000e+00,0.00000000000000000e+00,0.00000000000000000e+00,0.00000000000000000e+00,3.74150763746927414e+10,3.74150763746927414e+10,4.41313174117261158e-05,8.49851581466572097e+04,4.74689800474095609e+04,0.00000000000000000e+00,
1.00000000000000000e+00,0.00000000000000000e+00,0.00000000000000000e+00,0.00000000000000000e+00,3.74150763746927414e+10,3.74150763746927414e+10,4.39249243643045702e-05,1.57097918434120627e+05,1.79999763663042715e+05,0.00000000000000000e+00,
1.00000000000000000e+00,0.00000000000000000e+00,0.00000000000000000e+00,0.00000000000000000e+00,3.74150763746927414e+10,3.74150763746927414e+10,3.88206361820596463e-05,1.27527742610516274e+05,1.76905055944863270e+05,0.00000000000000000e+00,
1.00000000000000000e+00,0.00000000000000000e+00,0.00000000000000000e+00,0.00000000000000000e+00,3.74150763746927414e+10,3.74150763746927414e+10,4.52473884396363681e-05,2.15276876564757869e+05,2.04656579782437271e+05,0.00000000000000000e+00,
1.00000000000000000e+00,0.00000000000000000e+00,0.00000000000000000e+00,0.00000000000000000e+00,3.74150763746927414e+10,3.74150763746927414e+10,4.80858765311912824e-05,4.00918410058600188e+05,3.99385812880183861e+05,0.00000000000000000e+00,
1.00000000000000000e+00,0.00000000000000000e+00,0.00000000000000000e+00,0.00000000000000000e+00,3.74150763746927414e+10,3.74150763746927414e+10,3.54591473908954350e-05,1.67049136608075962e+05,1.52472869925564097e+05,0.00000000000000000e+00,
1.00000000000000000e+00,0.00000000000000000e+00,0.00000000000000000e+00,0.00000000000000000e+00,3.74150763746927414e+10,3.74150763746927414e+10,5.45412507655619190e-05,8.83486618578657159e+05,7.69065373381170095e+05,0.00000000000000000e+00,
1.00000000000000000e+00,0.00000000000000000e+00,0.00000000000000000e+00,0.00000000000000000e+00,3.74150763746927414e+10,3.74150763746927414e+10,4.86496139365598826e-05,4.81847835310196038e+05,4.91026485595974955e+05,0.00000000000000000e+00,
1.00000000000000000e+00,0.00000000000000000e+00,0.00000000000000000e+00,0.00000000000000000e+00,3.74150763746927414e+10,3.74150763746927414e+10,4.07017506389358651e-05,5.59877440669433796e+05,4.51207087863133522e+05,0.00000000000000000e+00,
1.00000000000000000e+00,0.00000000000000000e+00,0.00000000000000000e+00,0.00000000000000000e+00,3.74150763746927414e+10,3.74150763746927414e+10,3.35122026366779116e-05,4.39099945513208630e+05,3.20655239613739948e+05,0.00000000000000000e+00,
1.00000000000000000e+00,0.00000000000000000e+00,0.00000000000000000e+00,0.00000000000000000e+00,3.74150763746927414e+10,3.74150763746927414e+10,7.42692501991709279e-05,1.52989626692888536e+06,1.21459114977493091e+06,0.00000000000000000e+00,
1.00000000000000000e+00,0.00000000000000000e+00,0.00000000000000000e+00,0.00000000000000000e+00,3.74150763746927414e+10,3.74150763746927414e+10,3.15958408858488040e-05,1.71354420496537903e+05,2.39965434256726323e+05,0.00000000000000000e+00,
1.00000000000000000e+00,0.00000000000000000e+00,0.00000000000000000e+00,0.00000000000000000e+00,3.74150763746927414e+10,3.74150763746927414e+10,3.28407722077130675e-05,3.50452736162831890e+05,4.88532721453927108e+05,0.00000000000000000e+00,

35,10
1.00000000000000000e+00,0.00000000000000000e+00,0.00000000000000000e+00,0.00000000000000000e+00,3.74150763746927414e+10,3.74150763746927414e+10,7.56460000000000465e-03,1.60358384909089953e+08,1.60358384909089983e+08,0.00000000000000000e+00,
1.00000000000000000e+00,0.00000000000000000e+00,0.00000000000000000e+00,0.00000000000000000e+00,3.74150763746927414e+10,3.74150763746927414e+10,7.56460000000001419e-03,1.60358384909090161e+08,1.60358384909090191e+08,0.00000000000000000e+00,
1.00000000000000000e+00,0.00000000000000000e+00,0.00000000000000000e+00,0.00000000000000000e+00,3.74150763746927414e+10,3.74150763746927414e+10,5.04556442754058092e-05,-4.50793328307561824e+04,9.13457726624087081e+04,0.00000000000000000e+00,
1.00000000000000000e+00,0.00000000000000000e+00,0.00000000000000000e+00,0.00000000000000000e+00,3.74150763746927414e+10,3.74150763746927414e+10,5.77780281929751423e-04,1.13865265727150831e+07,1.23294959919771701e+07,0.00000000000000000e+00,
1.00000000000000000e+00,0.00000000000000000e+00,0.00000000000000000e+00,0.00000000000000000e+00,3.74150763746927414e+10,3.74150763746927414e+10,7.84055731314573651e-03,1.65807152562002242e+08,1.66628605374357283e+08,0.00000000000000000e+00,
1.00000000000000000e+00,0.00000000000000000e+00,0.00000000000000000e+00,0.00000000000000000e+00,3.74150763746927414e+10,3.74150763746927414e+10,7.83816351101314888e-03,1.66532343969945937e+08,1.66103682330382913e+08,0.00000000000000000e+00,
1.00000000000000000e+00,0.00000000000000000e+00,0.00000000000000000e+00,0.00000000000000000e+00,3.74150763746927414e+10,3.74150763746927414e+10,9.18024280443199316e-03,1.94341222571668357e+08,1.94341402428155333e+08,0.00000000000000000e+00,
1.00000000000000000e+00,0.00000000000000000e+00,0.00000000000000000e+00,0.00000000000000000e+00,3.74150763746927414e+10,3.74150763746927414e+10,2.91012199794109120e-03,6.35709089188764170e+07,5.90270595894134268e+07,0.00000000000000000e+00,
1.00000000000000000e+00,0.00000000000000000e+00,0.00000000000000000e+00,0.00000000000000000e+00,3.74150763746927414e+10,3.74150763746927414e+10,1.21563132976112707e-04,2.18408638059199415e+06,2.01541301364326524e+06,0.00000000000000000e+00,
1.00000000000000000e+00,0.00000000000000000e+00,0.00000000000000000e+00,0.00000000000000000e+00,3.74150763746927414e+10,3.74150763746927414e+10,9.45971633994832119e-03,2.00105940154075623e+08,2.00131876003155410e+08,0.00000000000000000e+00,
1.00000000000000000e+00,0.00000000000000000e+00,0.00000000000000000e+00,0.00000000000000000e+00,3.74150763746927414e+10,3.74150763746927414e+10,9.46361214290863083e-03,2.00173613188703865e+08,2.00196579011287212e+08,0.00000000000000000e+00,
1.00000000000000000e+00,0.00000000000000000e+00,0.00000000000000000e+00,0.00000000000000000e+00,3.74150763746927414e+10,3.74150763746927414e+10,2.36233670139405637e-04,4.52537511595491227e+06,4.70142568176951911e+06,0.00000000000000000e+00,
1.00000000000000000e+00,0.00000000000000000e+00,0.00000000000000000e+00,0.00000000000000000e+00,3.74150763746927414e+10,3.74150763746927414e+10,2.68401592576047966e-03,5.57845866655154377e+07,5.71527453218889087e+07,0.00000000000000000e+00,
1.00000000000000000e+00,0.00000000000000000e+00,0.00000000000000000e+00,0.00000000000000000e+00,3.74150763746927414e+10,3.74150763746927414e+10,9.03452773051140190e-03,1.90944043810006678e+08,1.90945427400600880e+08,0.00000000000000000e+00,
1.00000000000000000e+00,0.00000000000000000e+00,0.00000000000000000e+00,0.00000000000000000e+00,3.74150763746927414e+10,3.74150763746927414e+10,8.47505441765945139e-03,1.79060067444248617e+08,1.79057043952738523e+08,0.00000000000000000e+00,
1.00000000000000000e+00,0.00000000000000000e+00,0.00000000000000000e+00,0.00000000000000000e+00,3.74150763746927414e+10,3.74150763746927414e+10,6.06373527906443020e-03,1.28570911304442152e+08,1.27448995280905917e+08,0.00000000000000000e+00,
1.00000000000000000e+00,0.00000000000000000e+00,0.00000000000000000e+00,0.00000000000000000e+00,3.74150763746927414e+10,3.74150763746927414e+10,8.04520895561234434e-03,1.69948420278614461e+08,1.69953215162202328e+08,0.00000000000000000e+00,
1.00000000000000000e+00,0.00000000000000000e+00,0.00000000000000000e+00,0.00000000000000000e+00,3.74150763746927414e+10,3.74150763746927414e+10,1.01414332408426822e-03,2.12041964877337515e+07,2.10389165969577767e+07,0.00000000000000000e+00,
1.00000000000000000e+00,0.00000000000000000e+00,0.00000000000000000e+00,0.00000000000000000e+00,3.74150763746927414e+10,3.74150763746927414e+10,6.57406843692173899e-03,1.38943866803331345e+08,1.38807935509657353e+08,0.00000000000000000e+00,
1.00000000000000000e+00,0.00000000000000000e+00,0.00000000000000000e+00,0.00000000000000000e+00,3.74150763746927414e+10,3.74150763746927414e+10,3.20840852166366902e-04,6.43637431210902799e+06,6.41354352101499494e+06,0.00000000000000000e+00,
1.00000000000000000e+00,0.00000000000000000e+00,0.00000000000000000e+00,0.00000000000000000e+00,3.74150763746927414e+10,3.74150763746927414e+10,2.51604073224127281e-04,5.07194033088725898e+06,4.85631655906658340e+06,0.00000000000000000e+00,
1.00000000000000000e+00,0.00000000000000000e+00,0.00000000000000000e+00,0.00000000000000000e+00,3.74150763746927414e+10,3.74150763746927414e+10,3.44297528486588091e-03,7.35710104471572042e+07,7.16055325726941526e+07,0.00000000000000000e+00,
1.00000000000000000e+00,0.00000000000000000e+00,0.00000000000000000e+00,0.00000000000000000e+00,3.74150763746927414e+10,3.74150763746927414e+10,6.20098964396014439e-03,1.30905400665930018e+08,1.31075026345925376e+08,0.00000000000000000e+00,
1.00000000000000000e+00,0.00000000000000000e+00,0.00000000000000000e+00,0.00000000000000000e+00,3.74150763746927414e+10,3.74150763746927414e+10,3.48049474683396771e-03,7.44419352925553024e+07,7.23744700437589437e+07,0.00000000000000000e+00,
1.00000000000000000e+00,0.00000000000000000e+00,0.00000000000000000e+00,0.00000000000000000e+00,3.74150763746927414e+10,3.74150763746927414e+10,5.29424526347256185e-03,1.11934530512896121e+08,1.11795052506911978e+08,0.00000000000000000e+00,
1.00000000000000000e+00,0.00000000000000000e+00,0.00000000000000000e+00,0.00000000000000000e+00,3.74150763746927414e+10,3.74150763746927414e+10,5.29487885567665306e-03,1.11747981058318034e+08,1.11955382944118828e+08,0.00000000000000000e+00,
1.00000000000000000e+00,0.00000000000000000e+00,0.00000000000000000e+00,0.00000000000000000e+00,3.74150763746927414e+10,3.74150763746927414e+10,2.19472852557027866e-03,4.53574452436457500e+07,4.69949737208968922e+07,0.00000000000000000e+00,
1.00000000000000000e+00,0.00000000000000000e+00,0.00000000000000000e+00,0.00000000000000000e+00,3.74150763746927414e+10,3.74150763746927414e+10,4.96349522181228388e-03,1.04805844865316644e+08,1.04945722922993079e+08,0.00000000000000000e+00,
1.00000000000000000e+00,0.00000000000000000e+00,0.00000000000000000e+00,0.00000000000000000e+00,3.74150763746927414e+10,3.74150763746927414e+10,1.75072891946348994e-04,3.62942255675883777e+06,3.27412241627048282e+06,0.00000000000000000e+00,
1.00000000000000000e+00,0.00000000000000000e+00,0.00000000000000000e+00,0.00000000000000000e+00,3.74150763746927414e+10,3.74150763746927414e+10,5.38487312447323259e-04,1.07639102974172737e+07,1.14267145635096580e+07,0.00000000000000000e+00,
1.00000000000000000e+00,0.00000000000000000e+00,0.00000000000000000e+00,0.00000000000000000e+00,3.74150763746927414e+10,3.74150763746927414e+10,8.16256839464465510e-04,1.76481768563160375e+07,1.64494612194128502e+07,0.00000000000000000e+00,
1.00000000000000000e+00,0.00000000000000000e+00,0.00000000000000000e+00,0.00000000000000000e+00,3.74150763746927414e+10,3.74150763746927414e+10,3.23697640605304831e-03,6.93537554407042861e+07,6.73252124606785327e+07,0.00000000000000000e+00,
1.00000000000000000e+00,0.00000000000000000e+00,0.00000000000000000e+00,0.00000000000000000e+00,3.74150763746927414e+10,3.74150763746927414e+10,4.09983353593668977e-03,8.67141074964954406e+07,8.65678624841060340e+07,0.00000000000000000e+00,
1.00000000000000000e+00,0.00000000000000000e+00,0.00000000000000000e+00,0.00000000000000000e+00,3.74150763746927414e+10,3.74150763746927414e+10,4.09970689732117640e-03,8.65495519923310727e+07,8.67164060857508332e+07,0.00000000000000000e+00,
1.00000000000000000e+00,0.00000000000000000e+00,0.00000000000000000e+00,0.00000000000000000e+00,3.74150763746927414e+10,3.74150763746927414e+10,3.70967930444525288e-03,7.83339440421655178e+07,7.85334105119726807e+07,0.00000000000000000e+00,

