HyperCLaw-V1.1
10
gasDensity
x-GasMomentum
y-GasMomentum
z-GasMomentum
gasEnergy
gasInternalEnergy
radEnergy-Group0
x-RadFlux-Group0
y-RadFlux-Group0
z-RadFlux-Group0
2
1.3342563807926081e-10
2
0 0 
2 2 
2 2 
((0,0) (127,127) (0,0)) ((0,0) (255,255) (0,0)) ((0,0) (511,511) (0,0)) 
854 1708 3416 
0.015625 0.015625 
0.0078125 0.0078125 
0.00390625 0.00390625 
0
0
0 1 1.3342563807926081e-10
854
0 2
0 2
Level_0/Cell
1 12 1.3342563807926081e-10
1708
0 0.3125
0 0.5625
0.3125 0.75
0 0.8125
0.75 0.9375
0.5 0.8125
0.9375 1
0.625 0.6875
0.9375 1.1875
0.6875 0.8125
0.5625 1.1875
0.8125 1.25
1.1875 1.3125
0.9375 1.125
1.3125 1.375
1 1.125
1.375 1.5
1.0625 1.125
1 1.1875
1.25 1.5625
1.1875 1.625
1.125 1.9375
1.625 2
1.3125 2
Level_1/Cell
2 35 1.3342563807926081e-10
3416
0.03125 0.1875
0 0.03125
0 0.34375
0.03125 0.28125
0.34375 0.375
0.15625 0.1875
0.34375 0.4375
0.1875 0.25
0.34375 0.53125
0.25 0.34375
0.125 0.34375
0.28125 0.40625
0.34375 0.71875
0.34375 0.53125
0.21875 0.34375
0.40625 0.46875
0.28125 0.34375
0.46875 0.53125
0.34375 0.625
0.53125 0.78125
0.625 0.875
0.53125 0.78125
0.875 0.9375
0.6875 0.75
0.875 1
0.75 0.8125
0.59375 0.875
0.78125 0.90625
0.875 1.125
0.8125 0.9375
0.71875 0.875
0.90625 0.96875
0.875 1.15625
0.9375 1.21875
0.78125 0.875
0.96875 1
1.15625 1.28125
0.96875 1.21875
0.8125 0.875
1 1.0625
1.28125 1.34375
1.0625 1.125
1.28125 1.4375
1.125 1.21875
1.03125 1.40625
1.21875 1.40625
1.40625 1.5625
1.21875 1.34375
1.40625 1.71875
1.34375 1.5
1.1875 1.40625
1.40625 1.5
1.28125 1.40625
1.5 1.5625
1.40625 1.78125
1.5 1.78125
1.78125 1.8125
1.53125 1.5625
1.34375 1.40625
1.5625 1.625
1.78125 1.875
1.5625 1.625
1.78125 1.96875
1.625 1.71875
1.78125 2
1.71875 1.90625
1.53125 1.78125
1.78125 1.90625
1.65625 1.90625
1.90625 2
Level_2/Cell
